% a)
fs = 8192;